1   1   1.000
2   1   0.500000000000000
4   1   -0.125000000000000
6   1   0.0625000000000000
8   1   -0.0390625000000000
10   1   0.0273437500000000
2   2   0.500000000000000
3   2   0.750000000000000
4   2   0.375000000000000
5   2   -0.125000000000000
6   2   -0.187500000000000
7   2   0.0468750000000000
8   2   0.117187500000000
9   2   -0.0234375000000000
10   2   -0.0820312500000000
11   2   0.0136718750000000
3   3   0.250000000000000
4   3   0.625000000000000
5   3   0.625000000000000
6   3   0.156250000000000
7   3   -0.234375000000000
8   3   -0.148437500000000
9   3   0.117187500000000
10   3   0.117187500000000
11   3   -0.0683593750000000
4   4   0.125000000000000
5   4   0.437500000000000
6   4   0.656250000000000
7   4   0.437500000000000
8   4   -0.0546875000000000
9   4   -0.273437500000000
10   4   -0.0546875000000000
11   4   0.171875000000000
5   5   0.0625000000000000
6   5   0.281250000000000
7   5   0.562500000000000
8   5   0.585937500000000
9   5   0.210937500000000
10   5   -0.210937500000000
11   5   -0.234375000000000
6   6   0.0312500000000000
7   6   0.171875000000000
8   6   0.429687500000000
9   6   0.601562500000000
10   6   0.429687500000000
11   6   -0.0107421875000000
7   7   0.0156250000000000
8   7   0.101562500000000
9   7   0.304687500000000
10   7   0.533203125000000
11   7   0.545898437500000
8   8   0.00781250000000000
9   8   0.0585937500000000
10   8   0.205078125000000
11   8   0.429687500000000
9   9   0.00390625000000000
10   9   0.0332031250000000
11   9   0.132812500000000
10   10   0.00195312500000000
11   10   0.0185546875000000
11   11   0.000976562500000000



